014 20130304
035 20130557
006 20121414
014 20121414
035 20121414
036 20121414
039 20121414
040 20121414
041 20121414
037 20121414
018 20121414
036 20131148
039 20131501
006 20134706
014 20134726
036 20135210
039 20135233
006 20135237
014 20135359
035 20135571
036 20140007
039 20140061
006 20140079
014 20140125
035 20140138
028 20121414
019 20121414
022 20121414
026 20121414
027 20121414
029 20121414
034 20121414
036 20140197
039 20140214
006 20140245
014 20140278
035 20140294
036 20140319
039 20140405
006 20140429
014 20140466
035 20140671
036 20140706
039 20140723
006 20140985
014 20141461
035 20141671
036 20141689
039 20141735
006 20141825
014 20141826
035 20141866
036 20141947
039 20142042
006 20142106
014 20142861
035 20142961
036 20143024
039 20143045
006 20143049
014 20143060
035 20143102
036 20143150
039 20143262
006 20143340
014 20145242
035 20145244
036 20145245
039 20145246
006 20145247
014 20145335
035 20145423
036 20145424
039 20145750
006 20146000
014 20146020
035 20146048
049 20130304
050 20130557
051 20131148
052 20131501
001 20134706
049 20134726
051 20135210
052 20135233
001 20135237
049 20135359
050 20135571
051 20140007
052 20140061
001 20140079
049 20140125
050 20140138
051 20140197
052 20140214
001 20140245
049 20140278
011 20121414
010 20121414
012 20121414
042 20121414
043 20121414
044 20121414
017 20121414
049 20121414
050 20121414
051 20121414
052 20121414
050 20140294
051 20140319
052 20140405
001 20140429
049 20140466
050 20140671
051 20140706
052 20140723
001 20140985
049 20141461
050 20141671
051 20141689
052 20141735
001 20141825
049 20141826
050 20141866
051 20141947
052 20142042
001 20142106
049 20142861
038 20121414
055 20121414
005 20121414
009 20121414
023 20121414
007 20121414
015 20121414
020 20121414
008 20121414
050 20142961
051 20143024
052 20143045
001 20143049
049 20143060
050 20143102
051 20143150
052 20143262
001 20143340
049 20145242
050 20145244
013 20121414
003 20121414
002 20121414
024 20121414
001 20121414
030 20121414
031 20121414
051 20145245
052 20145246
001 20145247
049 20145335
050 20145423
051 20145424
052 20145750
001 20146000
049 20146020
050 20146048
032 20121414
033 20121414
025 20121414
016 20121414
004 20121414
045 20121414
046 20121414
053 20121414
054 20121414
047 20121414
048 20121414
021 20121414
